27AABCU9603R1ZV
07AAEPM8521F1ZG
29AAACP2345R1ZX
19AAACG2022G1ZM
33AABCM7085R1ZP
24AABCT2040G1ZP
21AADCR6921M1ZP
10AABCS1429B1ZP
06AAACI7756J1ZM
18AACCR7832M1ZP
09AAACP3671F1ZQ
32AAACK3481G1ZS
27AABCL2390P1ZP
07AAACA0190G1ZP
05AABCU9603R1ZW
08AAACA1234F1ZX
23AACCC8398B1ZX
01AADCB2233A1ZT
27AACCS2290B1ZR
20AABCE1234F1ZX




1234 5678 9012
2345 6789 0123
3456 7890 1234
4567 8901 2345
5678 9012 3456
6789 0123 4567
7890 1234 5678
8901 2345 6789
9012 3456 7890
0123 4567 8901
1122 3344 5566
2233 4455 6677
3344 5566 7788
4455 6677 8899
5566 7788 9900
6677 8899 0011
7788 9900 1122
8899 0011 2233
9900 1122 3344
0011 2233 4455